0.4582039415836334
0.45810678601264954
0.4570949971675873
0.45709142088890076
0.4556889533996582
0.45666536688804626
0.4547635316848755
0.45416459441185
0.453879177570343
0.45381245017051697
0.45388418436050415
0.45094776153564453
0.4507852792739868
0.44952085614204407
0.44979327917099
0.45222774147987366
0.44911646842956543
0.44885706901550293
0.44917261600494385
0.4463549852371216
0.4475729167461395
0.4454551935195923
0.4445904791355133
0.44406068325042725
0.44608598947525024
0.44245144724845886
0.44297468662261963
0.44188565015792847
0.44144755601882935
0.43953004479408264
0.4410000443458557
0.43951043486595154
0.44072043895721436
0.43745583295822144
0.4373297095298767
0.43634188175201416
0.440518856048584
0.4348553419113159
0.4341823160648346
0.4339189827442169
0.43292033672332764
0.4336029887199402
0.433414489030838
0.4327239990234375
0.4327975809574127
0.4299488663673401
0.4300342798233032
0.4281703531742096
0.4299547076225281
0.4276784360408783
0.4324018061161041
